1724022555119 0.017027280299875054 1
1724022708780 0.03891607663473553 2
1724022861081 0.09223240316534775 3
1724023014010 0.14657981049562682 4
1724023183001 0.19208923365264471 5
1724023440670 0.23979643898375674 6
1724023708891 0.25934246147438567 7
1724023975704 0.3047219908371513 8
1724024205586 0.3199666805497709 9
1724024441353 0.3508538109121199 10
1724024676166 0.3800504997917534 11
1724024842226 0.39998177842565596 12
1724024997770 0.4281153685964182 13
1724025153278 0.4703633902540608 14
1724025308839 0.4737791545189505 15
1724025464899 0.5142857142857143 16
1724025620084 0.5500676801332778 17
1724025775102 0.5514035818408997 18
1724025930549 0.5461349437734278 19
1724026085856 0.5842094439816743 20
1724026241794 0.594597303206997 21
1724026395762 0.595085381091212 22
1724026551852 0.6198979591836735 23
1724026708553 0.6405752811328613 24
1724026864415 0.6409600166597251 25
1724027020111 0.6562260516451478 26
1724027175999 0.6554256039150355 27
1724027331451 0.6802587463556851 28
1724027487253 0.6759332049146188 29
1724027642739 0.6991131299458561 30
1724027795805 0.6829373177842566 31
1724027948708 0.7235844439816743 32
1724028103885 0.7152980528946272 33
1724028257204 0.7243130466472304 34
1724028411798 0.719384110787172 35
1724028565372 0.7324724073302791 36
1724028718275 0.7345350895460224 37
1724028874067 0.7633709912536443 38
1724029029046 0.7513679196168263 39
1724029182676 0.7455096834652228 40
1724029338723 0.7412934714702208 41
1724029492811 0.7621652436484798 42
1724029648174 0.7797813411078716 43
1724029805955 0.7879591836734694 44
1724029958982 0.7791675343606831 45
1724030112261 0.77137234485631 46
1724030267670 0.7574617346938776 47
1724030423350 0.7808595376926281 48
1724030578616 0.7733501665972511 49
1724030732069 0.7971485839233653 50
1724030887136 0.8050239483548522 51
1724031047565 0.8138900458142441 52
1724031200930 0.8078821324448147 53
1724031356249 0.8035969387755102 54
1724031509266 0.812451062057476 55
1724031662073 0.8260141607663474 56
1724031815227 0.8186026655560183 57
1724031970174 0.8422219908371512 58
1724032123522 0.8297917534360683 59
1724032278330 0.8205955851728446 60
1724032433692 0.8383501665972511 61
1724032588937 0.8286437942523948 62
1724032744220 0.8390051020408164 63
1724032897088 0.8367190753852563 64
1724033049845 0.8356315077051228 65
1724033203015 0.8523141399416909 66
1724033355759 0.8453878592253228 67
1724033510824 0.8471543107038735 68
1724033663674 0.8249651187005415 69
1724033816385 0.8497435964181591 70
1724033969346 0.8400611724281549 71
1724034123700 0.8497240733027905 72
1724034279199 0.861369221157851 73
1724034432283 0.8478967097042899 74
1724034584966 0.8750572678050812 75
1724034738001 0.8619736568096626 76
1724034890880 0.8893669304456477 77
1724035043621 0.8658892128279884 78
1724035196723 0.8613387650978759 79
1724035351495 0.8647334443981674 80
1724035507509 0.8710422740524781 81
1724035660624 0.8717300083298626 82
1724035814138 0.863630778842149 83
1724035967217 0.8613387650978759 84
1724036119974 0.889759475218659 85
1724036272980 0.8690826738858808 86
1724036426061 0.8696537900874636 87
1724036579064 0.8644648063306956 88
1724036732340 0.8880284256559767 89
1724036885462 0.8920447209496042 90
1724037039271 0.8912684818825489 91
1724037192488 0.8796910141607663 92
1724037345700 0.8799658996251561 93
1724037498955 0.8914306538942107 94
1724037652536 0.8904235214493961 95
