1724022555118 0.08061224489795918 1
1724022708778 0.16581632653061223 2
1724022861079 0.21938775510204078 3
1724023014007 0.25357142857142856 4
1724023182999 0.2780612244897959 5
1724023440666 0.32346938775510203 6
1724023708887 0.34183673469387754 7
1724023975701 0.38163265306122457 8
1724024205584 0.39591836734693875 9
1724024441351 0.42448979591836733 10
1724024676162 0.45255102040816325 11
1724024842224 0.48214285714285715 12
1724024997768 0.503061224489796 13
1724025153273 0.5372448979591836 14
1724025308834 0.5459183673469388 15
1724025464897 0.5877551020408164 16
1724025620082 0.6275510204081632 17
1724025775097 0.6204081632653061 18
1724025930547 0.6137755102040816 19
1724026085854 0.6494897959183673 20
1724026241789 0.6678571428571428 21
1724026395760 0.6530612244897959 22
1724026551850 0.6887755102040817 23
1724026708551 0.7010204081632653 24
1724026864413 0.7081632653061225 25
1724027020109 0.7173469387755101 26
1724027175997 0.7188775510204082 27
1724027331449 0.7382653061224489 28
1724027487251 0.7372448979591837 29
1724027642737 0.7566326530612245 30
1724027795803 0.7326530612244898 31
1724027948706 0.7801020408163265 32
1724028103883 0.7698979591836734 33
1724028257203 0.7770408163265307 34
1724028411796 0.7785714285714285 35
1724028565371 0.7862244897959184 36
1724028718274 0.7954081632653061 37
1724028874065 0.8158163265306122 38
1724029029044 0.8025510204081632 39
1724029182674 0.7984693877551021 40
1724029338721 0.7943877551020408 41
1724029492807 0.8127551020408164 42
1724029648170 0.8270408163265305 43
1724029805951 0.8357142857142857 44
1724029958981 0.8290816326530612 45
1724030112260 0.8234693877551021 46
1724030267668 0.8188775510204082 47
1724030423345 0.8290816326530612 48
1724030578611 0.8301020408163265 49
1724030732067 0.8459183673469388 50
1724030887134 0.8469387755102041 51
1724031047560 0.8530612244897959 52
1724031200928 0.8494897959183674 53
1724031356247 0.85 54
1724031509264 0.8612244897959184 55
1724031662072 0.8653061224489796 56
1724031815225 0.8612244897959184 57
1724031970170 0.878061224489796 58
1724032123521 0.863265306122449 59
1724032278328 0.8693877551020408 60
1724032433687 0.8744897959183674 61
1724032588933 0.8760204081632652 62
1724032744215 0.8831632653061224 63
1724032897086 0.8826530612244898 64
1724033049843 0.8739795918367347 65
1724033203011 0.8928571428571429 66
1724033355757 0.8841836734693878 67
1724033510818 0.8836734693877552 68
1724033663672 0.8744897959183674 69
1724033816383 0.888265306122449 70
1724033969344 0.8790816326530613 71
1724034123698 0.8954081632653061 72
1724034279197 0.8989795918367347 73
1724034432281 0.8954081632653061 74
1724034584964 0.9132653061224489 75
1724034737999 0.9015306122448979 76
1724034890878 0.9193877551020408 77
1724035043620 0.8979591836734694 78
1724035196721 0.898469387755102 79
1724035351493 0.9015306122448979 80
1724035507507 0.9071428571428571 81
1724035660622 0.911734693877551 82
1724035814137 0.898469387755102 83
1724035967216 0.898469387755102 84
1724036119973 0.9178571428571429 85
1724036272978 0.9051020408163265 86
1724036426059 0.9071428571428571 87
1724036579063 0.9051020408163265 88
1724036732338 0.9209183673469388 89
1724036885460 0.9168367346938775 90
1724037039269 0.9198979591836735 91
1724037192486 0.9127551020408163 92
1724037345698 0.9188775510204081 93
1724037498952 0.923469387755102 94
1724037652534 0.9219387755102041 95
