1724022555119 0.2112244897959184 1
1724022708779 0.23469387755102042 2
1724022861080 0.4204081632653061 3
1724023014009 0.5780612244897959 4
1724023183000 0.6908163265306122 5
1724023440668 0.7413265306122448 6
1724023708889 0.7586734693877552 7
1724023975703 0.7984693877551021 8
1724024205585 0.8081632653061225 9
1724024441352 0.826530612244898 10
1724024676164 0.8397959183673469 11
1724024842225 0.8295918367346938 12
1724024997769 0.8510204081632653 13
1724025153275 0.8755102040816327 14
1724025308837 0.8678571428571429 15
1724025464898 0.875 16
1724025620083 0.8765306122448979 17
1724025775100 0.8887755102040816 18
1724025930548 0.889795918367347 19
1724026085855 0.8994897959183673 20
1724026241792 0.8903061224489796 21
1724026395761 0.9112244897959184 22
1724026551851 0.9 23
1724026708552 0.9137755102040817 24
1724026864414 0.9051020408163265 25
1724027020110 0.914795918367347 26
1724027175998 0.911734693877551 27
1724027331450 0.9214285714285714 28
1724027487252 0.9168367346938775 29
1724027642738 0.9239795918367348 30
1724027795804 0.9321428571428572 31
1724027948707 0.9275510204081633 32
1724028103884 0.9290816326530612 33
1724028257203 0.9321428571428572 34
1724028411798 0.9239795918367348 35
1724028565371 0.9316326530612244 36
1724028718275 0.923469387755102 37
1724028874066 0.9357142857142857 38
1724029029045 0.9362244897959183 39
1724029182675 0.9336734693877551 40
1724029338722 0.9331632653061226 41
1724029492809 0.9377551020408164 42
1724029648172 0.9428571428571428 43
1724029805953 0.9428571428571428 44
1724029958982 0.939795918367347 45
1724030112260 0.936734693877551 46
1724030267669 0.925 47
1724030423348 0.9418367346938775 48
1724030578613 0.9316326530612244 49
1724030732068 0.9423469387755102 50
1724030887135 0.9505102040816327 51
1724031047562 0.9540816326530612 52
1724031200929 0.9510204081632653 53
1724031356248 0.9454081632653061 54
1724031509265 0.9433673469387754 55
1724031662072 0.9545918367346938 56
1724031815226 0.9505102040816327 57
1724031970171 0.9591836734693877 58
1724032123522 0.9612244897959183 59
1724032278329 0.9438775510204082 60
1724032433689 0.9586734693877551 61
1724032588935 0.9459183673469388 62
1724032744218 0.9500000000000001 63
1724032897087 0.9479591836734694 64
1724033049844 0.9561224489795919 65
1724033203013 0.9545918367346938 66
1724033355758 0.9561224489795919 67
1724033510821 0.9586734693877551 68
1724033663673 0.9433673469387754 69
1724033816384 0.9566326530612245 70
1724033969345 0.9556122448979592 71
1724034123699 0.9489795918367347 72
1724034279198 0.9581632653061225 73
1724034432282 0.9469387755102041 74
1724034584965 0.9581632653061225 75
1724034738000 0.9561224489795919 76
1724034890879 0.9673469387755103 77
1724035043621 0.9642857142857143 78
1724035196722 0.9586734693877551 79
1724035351494 0.9591836734693877 80
1724035507508 0.960204081632653 81
1724035660623 0.9561224489795919 82
1724035814137 0.9612244897959183 83
1724035967216 0.9586734693877551 84
1724036119974 0.9693877551020408 85
1724036272979 0.960204081632653 86
1724036426060 0.9586734693877551 87
1724036579064 0.9551020408163265 88
1724036732339 0.9642857142857143 89
1724036885461 0.9729591836734693 90
1724037039270 0.9688775510204082 91
1724037192487 0.9637755102040816 92
1724037345699 0.9576530612244898 93
1724037498954 0.9653061224489796 94
1724037652535 0.9658163265306122 95
