1724022555117 723.6664171218872 1
1724022708776 544.8237181603909 2
1724022861070 446.1520510688424 3
1724023013962 362.2083121724427 4
1724023182997 305.41093366779387 5
1724023440656 265.85560218500905 6
1724023708879 247.96958216198254 7
1724023975692 226.41812110028695 8
1724024205575 215.4972147218068 9
1724024441342 195.78668558760546 10
1724024676154 179.5506596631094 11
1724024842215 178.3658612659783 12
1724024997723 168.70082356673083 13
1724025153264 147.81480708441813 14
1724025308826 146.3221016129712 15
1724025464889 134.46267725496 16
1724025620081 124.46742015306882 17
1724025775053 117.28553166758502 18
1724025930503 125.1037186587264 19
1724026085845 109.45359578268472 20
1724026241786 108.84909001580922 21
1724026395759 101.25604163538446 22
1724026551841 99.34244532707817 23
1724026708542 100.03679532901697 24
1724026864368 92.93325415496452 25
1724027020101 90.62501548603905 26
1724027175988 90.23218059848568 27
1724027331441 80.65467591813285 28
1724027487207 79.36405554558735 29
1724027642693 76.75544454201554 30
1724027795802 79.32654604051152 31
1724027948705 74.93455152080787 32
1724028103875 71.09386021523369 33
1724028257201 74.76582616794076 34
1724028411752 66.6629704590905 35
1724028565370 67.74592987284794 36
1724028718273 66.9780947499421 37
1724028874020 59.690643143027955 38
1724029028999 59.25067253382531 39
1724029182673 65.28986502189514 40
1724029338676 64.50497038425965 41
1724029492804 55.99488608041429 42
1724029648124 53.2879633288353 43
1724029805943 54.23421261625049 44
1724029958980 54.746955411169196 45
1724030112258 54.32901210442833 46
1724030267624 61.030409072306384 47
1724030423301 51.42055595504473 48
1724030578565 57.25853369025435 49
1724030732066 51.05882144060471 50
1724030887133 46.632739308285835 51
1724031047515 45.73105018451247 52
1724031200927 44.27602701310843 53
1724031356203 45.99634142178627 54
1724031509263 46.01567416182124 55
1724031662071 41.89738866347716 56
1724031815224 41.62551054157945 57
1724031970161 40.46486495251446 58
1724032123520 41.367576922905414 59
1724032278320 46.15731213798214 60
1724032433641 44.828646178526014 61
1724032588924 43.29874592520514 62
1724032744171 36.641528042633254 63
1724032897085 38.40929963209602 64
1724033049842 39.99944611362616 65
1724033203008 36.66251615894644 66
1724033355756 33.70304218508568 67
1724033510809 40.09295396729249 68
1724033663671 41.71979997406602 69
1724033816382 34.3675740962712 70
1724033969343 37.20268680695946 71
1724034123689 36.94084902045529 72
1724034279152 31.78867021315142 73
1724034432280 41.61175489649898 74
1724034584963 30.943878065603485 75
1724034737998 32.933667526566296 76
1724034890877 30.10213624662532 77
1724035043619 36.43011017851831 78
1724035196720 38.66942537798536 79
1724035351492 34.7234348811039 80
1724035507462 30.94852080927808 81
1724035660621 31.48456764000082 82
1724035814136 34.0923860652926 83
1724035967215 30.395987876726664 84
1724036119972 27.335660559409234 85
1724036272977 31.66048008945544 86
1724036426057 34.41201006683944 87
1724036579062 34.85980917308519 88
1724036732337 30.81443913929843 89
1724036885459 25.90377724567329 90
1724037039268 26.95938668055509 91
1724037192485 26.286322319537476 92
1724037345697 28.311524785158902 93
1724037498951 27.21939771061762 94
1724037652533 24.808461355377 95
