1724066330986 0.01722329237817576 1
1724066515267 0.041634475218658894 2
1724066681422 0.10401082882132444 3
1724066845347 0.16928102873802583 4
1724067008428 0.217670762182424 5
1724067170893 0.26050369637650983 6
1724067333649 0.30429560599750105 7
1724067495955 0.34148844231570175 8
1724067658482 0.38408371511870054 9
1724067824612 0.4097003852561432 10
1724067988475 0.443771345272803 11
1724068151900 0.4700171803415244 12
1724068315706 0.47752420866305706 13
1724068480294 0.5261479591836735 14
1724068646191 0.5352394835485215 15
1724068811403 0.5587934714702207 16
1724068976433 0.5770080174927114 17
1724069141574 0.608658631820075 18
1724069314910 0.6145902748854644 19
1724069486398 0.6380310287380259 20
1724069669796 0.6293351728446481 21
1724069839841 0.6437583298625573 22
1724070005605 0.6545710120783008 23
1724070172310 0.6770629425239484 24
1724070339170 0.6854300291545189 25
1724070506230 0.6839337775926697 26
1724070671690 0.7005705955851729 27
1724070836685 0.7179716784673054 28
1724071002373 0.7221397334443982 29
1724071167809 0.7314868804664724 30
1724071332552 0.7210878279883383 31
1724071495586 0.7278436068304873 32
1724071660584 0.7413369429404414 33
1724071826518 0.7415035401915868 34
1724071991258 0.7497761349437735 35
1724072156099 0.7658683881715952 36
1724072318317 0.7744275822573928 37
1724072484100 0.7720449812578093 38
1724072648283 0.7805086422324032 39
1724072812951 0.7735899104539776 40
1724072978857 0.7756179716784672 41
1724073142562 0.786460329029571 42
1724073306232 0.809615785089546 43
1724073467940 0.7883303831736777 44
1724073629930 0.7968367346938776 45
1724073791671 0.7994064972927947 46
1724073953593 0.8140597667638485 47
1724074118699 0.8153615680966264 48
1724074283697 0.8051853394418992 49
1724074448645 0.8092461474385673 50
1724074611525 0.8196826842982091 51
1724074775381 0.8222094960433153 52
1724074938487 0.8334131611828405 53
1724075101305 0.8353873386089129 54
1724075263646 0.8470371720116617 55
1724075430560 0.8245530508121616 56
1724075629273 0.8503501145356102 57
1724075820406 0.8469153477717618 58
1724076012911 0.8619171699291961 59
1724076228082 0.8418552165764265 60
1724076439648 0.8458017492711372 61
1724076652432 0.8625156184922949 62
1724076830477 0.8545587775926697 63
1724076983679 0.8458756768013328 64
1724077134542 0.8642141295293627 65
1724077285960 0.8636625364431488 66
1724077437374 0.8617971678467304 67
1724077591290 0.8484277384423157 68
1724077744459 0.8658551124531445 69
1724077895259 0.8560245730945439 70
1724078047949 0.8737609329446064 71
1724078200209 0.8558379321116202 72
1724078350670 0.8601637338608913 73
1724078500683 0.8786534256559766 74
1724078653240 0.8788096105789255 75
1724078803756 0.8710149416909623 76
1724078954029 0.8829508538109122 77
1724079104066 0.8829784464806331 78
1724079254496 0.9000809558517284 79
1724079406909 0.8815805914202416 80
1724079561821 0.8859886505622657 81
1724079764951 0.88728654727197 82
1724079972887 0.8814702207413578 83
1724080182315 0.8932926384839649 84
1724080432456 0.8912932111620159 85
1724080693969 0.8754513744273219 86
1724080931095 0.8701939296126614 87
1724081128582 0.8942576009995834 88
1724081362926 0.8959001457725948 89
1724081575993 0.8752936276551436 90
1724081789354 0.8894379945855894 91
1724082002637 0.9050541441066222 92
1724082223972 0.8916862765514368 93
1724082429650 0.8991776863806747 94
1724082620366 0.8952894627238651 95
1724082772821 0.912280299875052 96
1724082923088 0.9006403581840899 97
1724083073694 0.9021626405664306 98
1724083223067 0.8961180237401082 99
1724083373248 0.9267825905872552 100
1724083526683 0.8985948563098709 101
1724083679408 0.9021626405664306 102
1724083829955 0.8978149729279468 103
1724083980005 0.908600583090379 104
1724084128841 0.8982306851311953 105
1724084278820 0.9103727613494377 106
1724084428770 0.9246993440233235 107
1724084578732 0.9095881924198251 108
1724084728626 0.9153243440233236 109
1724084878635 0.9075114535610163 110
1724085028966 0.9213582882132446 111
1724085178869 0.9102884214910454 112
1724085328995 0.9213702623906707 113
1724085478602 0.9159464806330695 114
1724085628397 0.9154227405247813 115
1724085778109 0.9227217825905873 116
1724085927984 0.9045783007080384 117
