1724066330985 0.08418367346938775 1
1724066515264 0.1596938775510204 2
1724066681421 0.23061224489795915 3
1724066845345 0.27040816326530615 4
1724067008427 0.3056122448979592 5
1724067170892 0.3433673469387755 6
1724067333648 0.3806122448979592 7
1724067495954 0.41989795918367345 8
1724067658481 0.45459183673469383 9
1724067824611 0.48520408163265305 10
1724067988474 0.5122448979591837 11
1724068151899 0.5362244897959184 12
1724068315705 0.551530612244898 13
1724068480293 0.5892857142857143 14
1724068646190 0.601530612244898 15
1724068811402 0.6341836734693878 16
1724068976432 0.6357142857142857 17
1724069141574 0.6668367346938775 18
1724069314909 0.6729591836734694 19
1724069486397 0.7025510204081633 20
1724069669795 0.698469387755102 21
1724069839840 0.7132653061224491 22
1724070005605 0.7127551020408164 23
1724070172309 0.735204081632653 24
1724070339169 0.7438775510204082 25
1724070506230 0.7397959183673468 26
1724070671689 0.7561224489795918 27
1724070836684 0.764795918367347 28
1724071002372 0.7811224489795918 29
1724071167806 0.7877551020408163 30
1724071332551 0.7821428571428573 31
1724071495585 0.7846938775510204 32
1724071660581 0.7918367346938775 33
1724071826517 0.7959183673469388 34
1724071991257 0.806122448979592 35
1724072156098 0.8158163265306122 36
1724072318316 0.8209183673469389 37
1724072484100 0.8153061224489796 38
1724072648280 0.8193877551020409 39
1724072812948 0.8209183673469389 40
1724072978854 0.8275510204081632 41
1724073142562 0.8336734693877551 42
1724073306230 0.8494897959183674 43
1724073467939 0.835204081632653 44
1724073629929 0.8387755102040816 45
1724073791670 0.8469387755102041 46
1724073953592 0.8505102040816327 47
1724074118698 0.8505102040816327 48
1724074283697 0.8530612244897959 49
1724074448643 0.8545918367346939 50
1724074611524 0.8586734693877551 51
1724074775380 0.8673469387755102 52
1724074938486 0.8688775510204082 53
1724075101302 0.8765306122448979 54
1724075263645 0.8821428571428571 55
1724075430558 0.8637755102040816 56
1724075629271 0.8841836734693878 57
1724075820405 0.8806122448979592 58
1724076012910 0.8933673469387755 59
1724076228081 0.8790816326530613 60
1724076439647 0.8836734693877552 61
1724076652431 0.8954081632653061 62
1724076830476 0.8923469387755102 63
1724076983678 0.8846938775510204 64
1724077134541 0.9005102040816326 65
1724077285959 0.8989795918367347 66
1724077437374 0.898469387755102 67
1724077591290 0.8826530612244898 68
1724077744457 0.8974489795918368 69
1724077895258 0.8938775510204082 70
1724078047948 0.9061224489795918 71
1724078200208 0.898469387755102 72
1724078350669 0.8943877551020408 73
1724078500682 0.9107142857142857 74
1724078653239 0.9137755102040817 75
1724078803755 0.9066326530612245 76
1724078954028 0.9127551020408163 77
1724079104064 0.9132653061224489 78
1724079254495 0.9270408163265306 79
1724079406906 0.9132653061224489 80
1724079561819 0.9173469387755102 81
1724079764950 0.9153061224489796 82
1724079972886 0.9112244897959184 83
1724080182314 0.9229591836734693 84
1724080432455 0.9204081632653062 85
1724080693967 0.911734693877551 86
1724080931093 0.9086734693877551 87
1724081128581 0.923469387755102 88
1724081362925 0.9290816326530612 89
1724081575992 0.9086734693877551 90
1724081789352 0.9209183673469388 91
1724082002636 0.9326530612244898 92
1724082223970 0.9188775510204081 93
1724082429648 0.9280612244897959 94
1724082620365 0.9255102040816326 95
1724082772820 0.9346938775510204 96
1724082923087 0.9290816326530612 97
1724083073694 0.9316326530612244 98
1724083223066 0.9229591836734693 99
1724083373248 0.9520408163265305 100
1724083526682 0.9255102040816326 101
1724083679407 0.9316326530612244 102
1724083829955 0.9295918367346939 103
1724083980004 0.9387755102040817 104
1724084128840 0.9280612244897959 105
1724084278819 0.9346938775510204 106
1724084428770 0.9464285714285714 107
1724084578730 0.939795918367347 108
1724084728625 0.9392857142857143 109
1724084878632 0.9346938775510204 110
1724085028965 0.9479591836734694 111
1724085178868 0.9326530612244898 112
1724085328994 0.9484693877551021 113
1724085478601 0.9438775510204082 114
1724085628396 0.9423469387755102 115
1724085778109 0.9448979591836735 116
1724085927983 0.9326530612244898 117
