1724066330984 0.2045918367346939 1
1724066515262 0.26071428571428573 2
1724066681420 0.45102040816326533 3
1724066845344 0.6260204081632653 4
1724067008426 0.7122448979591838 5
1724067170891 0.7586734693877552 6
1724067333647 0.7994897959183673 7
1724067495953 0.813265306122449 8
1724067658480 0.8448979591836736 9
1724067824610 0.8443877551020407 10
1724067988473 0.8663265306122448 11
1724068151898 0.8765306122448979 12
1724068315704 0.8658163265306122 13
1724068480292 0.8928571428571429 14
1724068646189 0.889795918367347 15
1724068811400 0.8811224489795918 16
1724068976431 0.9076530612244897 17
1724069141573 0.9127551020408163 18
1724069314908 0.9132653061224489 19
1724069486396 0.9081632653061225 20
1724069669794 0.9010204081632653 21
1724069839839 0.9025510204081633 22
1724070005604 0.9183673469387755 23
1724070172308 0.9209183673469388 24
1724070339168 0.9214285714285714 25
1724070506229 0.9244897959183674 26
1724070671688 0.9265306122448981 27
1724070836683 0.9387755102040817 28
1724071002370 0.9244897959183674 29
1724071167803 0.9285714285714286 30
1724071332550 0.9219387755102041 31
1724071495585 0.9275510204081633 32
1724071660579 0.9362244897959183 33
1724071826516 0.9316326530612244 34
1724071991256 0.9301020408163265 35
1724072156097 0.9387755102040817 36
1724072318316 0.9433673469387754 37
1724072484098 0.9469387755102041 38
1724072648278 0.9525510204081633 39
1724072812946 0.9423469387755102 40
1724072978852 0.9372448979591836 41
1724073142561 0.9433673469387754 42
1724073306228 0.9530612244897959 43
1724073467938 0.9438775510204082 44
1724073629928 0.9500000000000001 45
1724073791669 0.9438775510204082 46
1724073953591 0.9571428571428572 47
1724074118697 0.9586734693877551 48
1724074283696 0.9438775510204082 49
1724074448641 0.9469387755102041 50
1724074611523 0.9545918367346938 51
1724074775379 0.9479591836734694 52
1724074938485 0.9591836734693877 53
1724075101300 0.9530612244897959 54
1724075263645 0.960204081632653 55
1724075430557 0.9545918367346938 56
1724075629269 0.9617346938775511 57
1724075820404 0.9617346938775511 58
1724076012909 0.9647959183673469 59
1724076228080 0.9576530612244898 60
1724076439645 0.9571428571428572 61
1724076652430 0.963265306122449 62
1724076830475 0.9576530612244898 63
1724076983678 0.9561224489795919 64
1724077134540 0.9596938775510204 65
1724077285958 0.9607142857142859 66
1724077437373 0.9591836734693877 67
1724077591289 0.9612244897959183 68
1724077744455 0.9647959183673469 69
1724077895258 0.9576530612244898 70
1724078047946 0.9642857142857143 71
1724078200207 0.9525510204081633 72
1724078350668 0.9617346938775511 73
1724078500681 0.9647959183673469 74
1724078653238 0.9617346938775511 75
1724078803755 0.9607142857142859 76
1724078954028 0.9673469387755103 77
1724079104063 0.9668367346938775 78
1724079254495 0.9709183673469388 79
1724079406903 0.9653061224489796 80
1724079561817 0.9658163265306122 81
1724079764949 0.9693877551020408 82
1724079972885 0.9673469387755103 83
1724080182312 0.9678571428571429 84
1724080432452 0.9683673469387755 85
1724080693965 0.960204081632653 86
1724080931092 0.9576530612244898 87
1724081128580 0.9683673469387755 88
1724081362924 0.9642857142857143 89
1724081575991 0.963265306122449 90
1724081789351 0.9658163265306122 91
1724082002635 0.9704081632653061 92
1724082223969 0.9704081632653061 93
1724082429647 0.9688775510204082 94
1724082620364 0.9673469387755103 95
1724082772819 0.9760204081632653 96
1724082923086 0.9693877551020408 97
1724083073693 0.9683673469387755 98
1724083223065 0.9709183673469388 99
1724083373247 0.9734693877551021 100
1724083526681 0.9709183673469388 101
1724083679406 0.9683673469387755 102
1724083829954 0.9658163265306122 103
1724083980004 0.9678571428571429 104
1724084128839 0.9678571428571429 105
1724084278818 0.9739795918367347 106
1724084428769 0.9770408163265306 107
1724084578729 0.9678571428571429 108
1724084728625 0.9744897959183674 109
1724084878629 0.9709183673469388 110
1724085028965 0.9719387755102041 111
1724085178867 0.9760204081632653 112
1724085328994 0.9714285714285714 113
1724085478600 0.9704081632653061 114
1724085628395 0.9714285714285714 115
1724085778108 0.976530612244898 116
1724085927982 0.9698979591836735 117
