1724066330982 729.8205499649048 1
1724066515255 544.381167858839 2
1724066681411 427.53927551209927 3
1724066845334 340.3128332570195 4
1724067008417 290.2063206260791 5
1724067170882 243.86162061826326 6
1724067333646 225.80781255755574 7
1724067495944 211.1578360403946 8
1724067658435 183.21124255014 9
1724067824565 170.93795697623864 10
1724067988464 158.1800078874221 11
1724068151852 157.42981346328452 12
1724068315696 143.06823200298822 13
1724068480284 133.85291141744528 14
1724068646188 121.20194179178361 15
1724068811399 124.53413812561212 16
1724068976422 107.26394971941954 17
1724069141572 102.08045217677432 18
1724069314899 96.58411417277694 19
1724069486387 96.18132581923419 20
1724069669790 96.55325049771818 21
1724069839835 92.84641823103584 22
1724070005602 87.82156249430318 23
1724070172300 79.27355117578236 24
1724070339166 80.65300941686883 25
1724070506220 79.5612345830109 26
1724070671687 74.52130911341669 27
1724070836675 68.42945814774589 28
1724071002361 68.15582660452719 29
1724071167794 72.15043343302375 30
1724071332549 76.48563401721731 31
1724071495583 64.70230068715637 32
1724071660570 63.240986639382754 33
1724071826514 62.90652151998688 34
1724071991255 60.64237556519015 35
1724072156089 55.002834598837126 36
1724072318314 53.840009400565805 37
1724072484090 54.881079965523554 38
1724072648233 51.31761069925436 39
1724072812937 51.16063008002175 40
1724072978843 55.032078627914416 41
1724073142560 50.88219653880691 42
1724073306183 43.26267236407756 43
1724073467937 53.14657771427915 44
1724073629927 51.00273097671747 45
1724073791668 46.14101532538916 46
1724073953590 45.35007597762103 47
1724074118688 45.670373971829804 48
1724074283694 47.01460099786298 49
1724074448596 48.773040655543255 50
1724074611515 42.55169100921421 51
1724074775378 43.776779996563505 52
1724074938483 36.887884317890894 53
1724075101291 40.747710488349014 54
1724075263643 40.0921657438319 55
1724075430556 38.06997873662688 56
1724075629263 34.86053742848901 57
1724075820399 33.40002600627656 58
1724076012904 35.23726344049851 59
1724076228071 32.70468088748129 60
1724076439642 38.47127989076944 61
1724076652426 34.42011043764103 62
1724076830467 35.93913865128118 63
1724076983676 31.296035265856176 64
1724077134539 31.338137246070275 65
1724077285956 37.76338523680238 66
1724077437372 35.95341276466199 67
1724077591280 37.20530386663833 68
1724077744446 38.98205589454857 69
1724077895256 37.4243909147668 70
1724078047938 31.014879551677495 71
1724078200198 35.668730759722365 72
1724078350667 32.60708868920561 73
1724078500680 30.278478334015745 74
1724078653192 31.904519902449586 75
1724078803754 35.54689385019651 76
1724078954027 26.926533047674184 77
1724079104061 27.216381499425587 78
1724079254494 24.548068292321616 79
1724079406895 27.791434910539664 80
1724079561815 30.160224239660693 81
1724079764941 26.785415100397017 82
1724079972883 29.419488127658475 83
1724080182311 26.69192948669557 84
1724080432446 28.728206972456142 85
1724080693960 32.41873274605488 86
1724080931088 32.97693742898787 87
1724081128576 24.093857411983436 88
1724081362920 27.935502215311814 89
1724081575986 29.19475605749109 90
1724081789347 28.525977690993386 91
1724082002630 24.315822369980566 92
1724082223964 23.52317480423855 93
1724082429639 21.130866283461835 94
1724082620360 26.3865326443928 95
1724082772810 19.169071436193747 96
1724082923085 22.243063833339875 97
1724083073692 24.21131400089979 98
1724083223064 25.637980571012662 99
1724083373246 18.9152760186592 100
1724083526673 22.480606264287267 101
1724083679397 21.675455812120646 102
1724083829953 25.21415741640979 103
1724083980002 20.982276483994283 104
1724084128838 27.924035220526022 105
1724084278817 23.751766748370642 106
1724084428768 18.087761337188816 107
1724084578727 23.41062322684371 108
1724084728623 21.654041799167345 109
1724084878625 22.33594693046377 110
1724085028963 19.343856423781048 111
1724085178866 19.31059660542934 112
1724085328993 18.73300411696912 113
1724085478599 20.482884999314173 114
1724085628394 25.479977571422218 115
1724085778107 17.55795101851014 116
1724085927981 26.519891583130715 117
